timestamp,netAmount0,netAmount1,closeTick,openTick,lowestTick,highestTick,inAmount0,inAmount1,currentLiquidity
2026-05-04 00:01:00,-419550590296091787264,419320718,-276330,-276330,-276330,-276330,0,419320718,5342616213929036842236
2026-05-04 00:02:00,-1247018946619106503235,1246335314,-276330,-276330,-276330,-276330,0,1246335314,5342616213929036842236
2026-05-04 00:06:00,-2039090002943853205670,2037970893,-276330,-276330,-276330,-276330,0,2037970893,5342616213929036842236
2026-05-04 00:09:00,-249486359994830130993,249349328,-276330,-276330,-276330,-276330,0,249349328,5342616213929036842236
2026-05-04 00:13:00,-395300000000000000000,395082831,-276330,-276330,-276330,-276330,0,395082831,5342616213929036842236
2026-05-04 00:31:00,-1220168453281618946295,1219497753,-276330,-276330,-276330,-276330,0,1219497753,5342616213929036842236
2026-05-04 00:40:00,-304980906128083389382,304813177,-276330,-276330,-276330,-276330,0,304813177,5342616213929036842236
2026-05-04 00:52:00,-15848190205618376655173,15839426406,-276330,-276330,-276330,-276330,0,15839426406,5342616213929036842236
2026-05-04 00:55:00,-2889453239941828058004,2887845292,-276330,-276330,-276330,-276330,0,2887845292,5342616213929036842236
2026-05-04 00:56:00,-415041075916272612181,414809853,-276330,-276330,-276330,-276330,0,414809853,5342616213929036842236
2026-05-04 00:58:00,-425405527892139509670,425168464,-276330,-276330,-276330,-276330,0,425168464,5342616213929036842236
2026-05-04 01:02:00,-580854171685459929748,580530373,-276330,-276330,-276330,-276330,0,580530373,5342616213929036842236
2026-05-04 01:07:00,-1533961780439876793860,1533106064,-276330,-276330,-276330,-276330,0,1533106064,5342616213929036842236
2026-05-04 01:11:00,-422672872380867191390,422436930,-276330,-276330,-276330,-276330,0,422436930,5342616213929036842236
2026-05-04 01:12:00,-519445842302534531313,519155789,-276330,-276330,-276330,-276330,0,519155789,5342616213929036842236
2026-05-04 01:14:00,-284666120338455872640,284507122,-276330,-276330,-276330,-276330,0,284507122,5342616213929036842236
2026-05-04 01:18:00,-1372023375509695793109,1371256620,-276330,-276330,-276330,-276330,0,1371256620,5342616213929036842236
2026-05-04 01:31:00,2715544253668661692011,-2714271635,-276330,-276330,-276330,-276330,2715544253668661692011,0,5342616213929036842236
2026-05-04 01:34:00,-248930869977351405503,248791932,-276330,-276330,-276330,-276330,0,248791932,5342616213929036842236
2026-05-04 01:42:00,1994059648954250731996,-1993126719,-276330,-276330,-276330,-276330,1994059648954250731996,0,5342616213929036842236
2026-05-04 01:51:00,0,-26185,-276330,-276330,-276330,-276330,291073419852367486454,290911180,5342616213929036842236
2026-05-04 01:59:00,2698955378242804459901,-2697695029,-276330,-276330,-276330,-276330,2698955378242804459901,0,5342616213929036842236
2026-05-04 02:00:00,2623772714030712245536,-2622550085,-276330,-276330,-276330,-276330,2623772714030712245536,0,5342616213929036842236
2026-05-04 02:01:00,-401401608423487442364,401130940,-276330,-276330,-276330,-276330,530032764786698105000,930916848,5342616213929036842236
2026-05-04 02:03:00,5405876522078765112118,-5403364793,-276330,-276330,-276330,-276330,5405876522078765112118,0,5342616213929036842236
2026-05-04 02:04:00,2419836583139409856838,-2418715798,-276330,-276330,-276330,-276330,2419836583139409856838,0,5342616213929036842236
2026-05-04 02:10:00,22232194684522023594517,-22222000000,-276330,-276330,-276330,-276330,22232194684522023594517,0,5342616213929036842236
2026-05-04 02:11:00,1685217595436102216772,-1684452370,-276330,-276330,-276330,-276330,1685217595436102216772,0,5342616213929036842236
2026-05-04 02:13:00,-164809701476278328447,164720087,-276330,-276330,-276330,-276330,0,164720087,9375045383850038831512
2026-05-04 02:20:00,377204996991807329302,-377033830,-276330,-276330,-276330,-276330,377204996991807329302,0,16373499280073734236400
2026-05-04 02:21:00,814665408593508638668,-814295791,-276330,-276330,-276330,-276330,814665408593508638668,0,16373499280073734236400
2026-05-04 02:30:00,-130084990699014511317,130014273,-276330,-276330,-276330,-276330,0,130014273,16373499280073734236400
2026-05-04 02:32:00,-332833865023637709303,332652920,-276330,-276330,-276330,-276330,0,332652920,16373499280073734236400
2026-05-04 02:37:00,-97920899000000000000,97867661,-276330,-276330,-276330,-276330,0,97867661,16373499280073734236400
2026-05-04 02:38:00,-1031527433375557000000,1030966546,-276330,-276330,-276330,-276330,0,1030966546,16373499280073734236400
2026-05-04 02:40:00,1654837762341900361726,-1654086881,-276330,-276330,-276330,-276330,1654837762341900361726,0,16373499280073734236400
2026-05-04 02:41:00,1589379113543633931220,-1588658250,-276330,-276330,-276330,-276330,1589379113543633931220,0,16373499280073734236400
2026-05-04 02:47:00,-1886967986733961453526,1885942369,-276330,-276330,-276330,-276330,0,1885942369,16373499280073734236400
2026-05-04 02:48:00,-1234724918859552069950,1234053577,-276330,-276330,-276330,-276330,0,1234053577,16373499280073734236400
2026-05-04 02:49:00,-678906085959768881834,678536873,-276330,-276330,-276330,-276330,0,678536873,16373499280073734236400
2026-05-04 02:50:00,-91575156377729868800000,91524839175,-276330,-276330,-276330,-276330,0,91524839175,16373499280073734236400
2026-05-04 03:10:00,-496067759253243335362,495792401,-276330,-276330,-276330,-276330,0,495792401,16373499280073734236400
2026-05-04 03:12:00,-2000004309064274595386,1998893838,-276330,-276330,-276330,-276330,0,1998893838,16373499280073734236400
2026-05-04 03:18:00,-143092608331540000000000,143011891514,-276330,-276330,-276330,-276330,0,143011891514,16373499280073734236400
2026-05-04 03:20:00,646771179344160724800,-646458902,-276330,-276330,-276330,-276330,646771179344160724800,0,16373499280073734236400
2026-05-04 03:23:00,-4081846868616903313182,4079508012,-276330,-276330,-276330,-276330,0,4079508012,16373499280073734236400
2026-05-04 03:27:00,30014450535164939143880,-30000000000,-276330,-276330,-276330,-276330,30014450535164939143880,0,16373499280073734236400
2026-05-04 03:29:00,30016124534118201229597,-30001783161,-276330,-276330,-276330,-276330,30016124534118201229597,0,16373499280073734236400
2026-05-04 03:32:00,25013306776515499907627,-25001439699,-276330,-276330,-276330,-276330,25013306776515499907627,0,16373499280073734236400
2026-05-04 03:34:00,41793765163557332400,-41774001,-276330,-276330,-276330,-276330,41793765163557332400,0,16373499280073734236400
2026-05-04 03:36:00,24654054571337399964416,-24642432791,-276330,-276330,-276330,-276330,24654054571337399964416,0,16373499280073734236400
2026-05-04 03:39:00,100063698037642813214,-100016680,-276330,-276330,-276330,-276330,100063698037642813214,0,16373499280073734236400
2026-05-04 04:01:00,956561335801677858066,-956111926,-276330,-276330,-276330,-276330,956561335801677858066,0,16373499280073734236400
2026-05-04 04:02:00,33416617786994347691,-33400921,-276330,-276330,-276330,-276330,33416617786994347691,0,16373499280073734236400
2026-05-04 04:04:00,1195701508741199790184,-1195139908,-276330,-276330,-276330,-276330,1195701508741199790184,0,16373499280073734236400
2026-05-04 04:06:00,-3744423709634390906969,3742327599,-276330,-276330,-276330,-276330,0,3742327599,16373499280073734236400
2026-05-04 04:09:00,1155652537340979193536,-1155109384,-276330,-276330,-276330,-276330,1155652537340979193536,0,16373499280073734236400
2026-05-04 04:16:00,505358479270386193203,-505121014,-276330,-276330,-276330,-276330,505358479270386193203,0,16373499280073734236400
2026-05-04 04:20:00,2111307335476729241961,-2110315580,-276330,-276330,-276330,-276330,2111307335476729241961,0,16373499280073734236400
2026-05-04 04:23:00,422229929779715404507,-422031659,-276330,-276330,-276330,-276330,422229929779715404507,0,16373499280073734236400
2026-05-04 04:27:00,592467567629905221247,-592189393,-276330,-276330,-276330,-276330,592467567629905221247,0,16373499280073734236400
2026-05-04 04:29:00,-989425229193578144975,988871646,-276330,-276330,-276330,-276330,0,988871646,16373499280073734236400
2026-05-04 04:35:00,-315225131188953458564,315048737,-276330,-276330,-276330,-276330,0,315048737,16373499280073734236400
2026-05-04 04:45:00,-406712250717380379708,406484645,-276330,-276330,-276330,-276330,0,406484645,16373499280073734236400
2026-05-04 04:46:00,2781469110729748298553,-2780163149,-276330,-276330,-276330,-276330,2781469110729748298553,0,16373499280073734236400
2026-05-04 04:48:00,1040498878431456533037,-1040010584,-276330,-276330,-276330,-276330,1040498878431456533037,0,16373499280073734236400
2026-05-04 05:11:00,50185430160332049873496,-50162035573,-276330,-276330,-276330,-276330,50185430160332049873496,0,16373499280073734236400
2026-05-04 05:14:00,20836810829083700902534,-20827457695,-276330,-276330,-276330,-276330,23837110830341422479731,2998648845,16373499280073734236400
2026-05-04 05:29:00,-260371844293068091058,260228502,-276330,-276330,-276330,-276330,0,260228502,16373499280073734236400
2026-05-04 05:35:00,45027336246618974165,-45006598,-276330,-276330,-276330,-276330,45027336246618974165,0,16373499280073734236400
2026-05-04 05:39:00,-105340705018259975664,105282710,-276330,-276330,-276330,-276330,0,105282710,16373499280073734236400
2026-05-04 05:46:00,-171184201991552390787,171089954,-276330,-276330,-276330,-276330,0,171089954,16373499280073734236400
2026-05-04 05:48:00,-980000000000000000000000,979402443494,-276331,-276331,-276331,-276331,0,979402443494,20179045726796242657851
2026-05-04 05:52:00,-997002648706341909420780,996285240368,-276332,-276332,-276332,-276332,3301004502518090579220,999583867129,6421384298043915303245
2026-05-04 05:53:00,-76134121599369271580402,76071405010,-276332,-276332,-276332,-276332,1857869027258032834499,77927937289,6421384298043915303245
2026-05-04 05:55:00,64046979579570924938455,-64000000000,-276332,-276332,-276332,-276332,64046979579570924938455,0,6421384298043915303245
2026-05-04 05:57:00,853455829976278294113017,-852910347634,-276332,-276331,-276332,-276331,853455829976278294113017,0,6421384298043915303245
2026-05-04 06:22:00,-626429115435200953831402,625983540009,-276332,-276332,-276332,-276332,0,625983540009,6421384298043915303245
2026-05-04 06:26:00,-576895897658322779819,576467298,-276332,-276332,-276332,-276332,0,576467298,6421384298043915303245
2026-05-04 06:29:00,-3360073419821427892239,3357575029,-276332,-276332,-276332,-276332,0,3357575029,6421384298043915303245
2026-05-04 06:35:00,259369893365207092007563,-259203914906,-276331,-276331,-276331,-276331,259369893365207092007563,0,20179045726796242657851
2026-05-04 06:37:00,140088225907368368985290,-140001352202,-276331,-276331,-276331,-276331,140088225907368368985290,0,20179045726796242657851
2026-05-04 06:44:00,-98463869801777175143201,98394155706,-276331,-276331,-276331,-276331,0,98394155706,20179045088519063721401
2026-05-04 06:45:00,-731473491673925888690,730952003,-276331,-276331,-276331,-276331,0,730952003,20179045088519063721401
2026-05-04 06:47:00,-318275784205297320719,318048860,-276331,-276331,-276331,-276331,0,318048860,20179045088519063721401
2026-05-04 06:49:00,-1722206219727622389,1720978,-276331,-276331,-276331,-276331,0,1720978,20179045088519063721401
2026-05-04 06:51:00,-439014223723902536295,438699536,-276331,-276331,-276331,-276331,18469297389695963705,457157327,20179045088519063721401
2026-05-04 06:52:00,-29000000000000000000,28979321,-276331,-276331,-276331,-276331,0,28979321,20179045088519063721401
2026-05-04 06:53:00,-52619213641956460463239,52581556888,-276331,-276331,-276331,-276331,0,52581556888,20179045088519063721401
2026-05-04 06:54:00,3775406764346936366,-3773035,-276331,-276331,-276331,-276331,3775406764346936366,0,20179045088519063721401
2026-05-04 06:58:00,14835099094174871584,-14827179,-276331,-276331,-276331,-276331,30393568575070414566,15547294,20179045088519063721401
2026-05-04 07:00:00,-29356438166579231668,29333965,-276331,-276331,-276331,-276331,15411826666101378991,44736110,20179045088519063721401
2026-05-04 07:02:00,-7009505323040685626,7001078,-276331,-276331,-276331,-276331,37710118225914954770,44687503,20179045088519063721401
2026-05-04 07:04:00,17491702907454138973,-17480714,-276331,-276331,-276331,-276331,17491702907454138973,0,20179045088519063721401
2026-05-04 07:09:00,-634015139284269114896,633559737,-276331,-276331,-276331,-276331,0,633559737,20179045088519063721401
2026-05-04 07:13:00,-201606207034663419130,201461388,-276331,-276331,-276331,-276331,0,201461388,20179045088519063721401
2026-05-04 07:15:00,-110911358349511248842,110831686,-276331,-276331,-276331,-276331,0,110831686,20179045088519063721401
2026-05-04 07:20:00,-198757302193478073243,198614523,-276331,-276331,-276331,-276331,0,198614523,20179045088519063721401
2026-05-04 07:22:00,-1038141368324343458,1037395,-276331,-276331,-276331,-276331,0,1037395,20179045088519063721401
2026-05-04 07:27:00,-176489153671190456409,176362368,-276331,-276331,-276331,-276331,0,176362368,20179045088519063721401
2026-05-04 07:34:00,-49650000000000000000,49614332,-276331,-276331,-276331,-276331,0,49614332,20179045088519063721401
2026-05-04 07:43:00,-98047192273918146887,97976755,-276331,-276331,-276331,-276331,0,97976755,20179045088519063721401
2026-05-04 07:45:00,-516339233544229981434,515968283,-276331,-276331,-276331,-276331,0,515968283,20179045088519063721401
2026-05-04 07:58:00,-353678994653034876938,353424888,-276331,-276331,-276331,-276331,0,353424888,20179045088519063721401
2026-05-04 08:00:00,-256822558137691140000000,256634733002,-276332,-276332,-276332,-276332,0,256634733002,6421383659766736366795
2026-05-04 08:07:00,-4740121280428121864,4736576,-276332,-276332,-276332,-276332,0,4736576,6421383659766736366795
2026-05-04 08:09:00,-965677291893778983095,964954917,-276332,-276332,-276332,-276332,0,964954917,6421383659766736366795
2026-05-04 08:14:00,-393305106269332125680,393010811,-276332,-276332,-276332,-276332,0,393010811,6421383659766736366795
2026-05-04 08:22:00,-2385595861779733849264,2383809781,-276332,-276332,-276332,-276332,0,2383809781,6421383659766736366795
2026-05-04 08:23:00,-685973177109414552681,685459265,-276332,-276332,-276332,-276332,0,685459265,6421383659766736366795
2026-05-04 08:38:00,-230354510073776329666,230181902,-276332,-276332,-276332,-276332,0,230181902,6421383659766736366795
2026-05-04 08:40:00,-434313906381531028445,433988424,-276332,-276332,-276332,-276332,0,433988424,6421383659766736366795
2026-05-04 08:47:00,143121627707077079091768,-143028911697,-276331,-276331,-276331,-276331,143121627707077079091768,0,20179045088519063721401
2026-05-04 08:51:00,24315539530502080500098,-24300000000,-276331,-276331,-276331,-276331,24315539530502080500098,0,19823615757840454895958
2026-05-04 08:53:00,-769394455275434103734,768834465,-276331,-276331,-276331,-276331,0,768834465,20110368973098055465665
2026-05-04 08:57:00,-2337909794931175756921,2336207828,-276331,-276331,-276331,-276331,0,2336207828,20110368973098055465665
2026-05-04 08:58:00,-333326870393460436104,333084168,-276331,-276331,-276331,-276331,0,333084168,20110368973098055465665
2026-05-04 09:01:00,-2325515331522817132275,2323821773,-276331,-276331,-276331,-276331,0,2323821773,20110368973098055465665
2026-05-04 09:12:00,-3003371979787188015,3001184,-276331,-276331,-276331,-276331,0,3001184,20110368973098055465665
2026-05-04 09:13:00,-390000000000000000000000,389701143783,-276332,-276332,-276332,-276332,0,389701143783,6112910022153624680288
2026-05-04 09:36:00,-75000000000000000000000,74937057916,-276333,-276333,-276333,-276333,0,74937057916,1766695395150159476580
2026-05-04 09:39:00,-59289187241857411749630,59235837830,-276333,-276333,-276333,-276333,0,59235837830,1766695395150159476580
2026-05-04 09:41:00,101089099294185142918875,-101009451881,-276332,-276332,-276332,-276332,101089099294185142918875,0,6112910022153624680288
2026-05-04 09:43:00,-77055885928249409002651,76989252430,-276333,-276333,-276333,-276333,0,76989252430,1766695395150159476580
2026-05-04 09:46:00,140105932158771093872274,-139999880000,-276332,-276332,-276332,-276332,140105932158771093872274,0,6112910022153624680288
2026-05-04 09:48:00,68051597357051826048968,-68003030300,-276332,-276332,-276332,-276332,68051597357051826048968,0,6112910022153624680288
2026-05-04 09:50:00,-6985393732076855214538,6979849874,-276332,-276332,-276332,-276332,0,6979849874,6112910022153624680288
2026-05-04 09:53:00,-88676748654985518468693,88604985607,-276332,-276332,-276332,-276332,0,88604985607,6112910022153624680288
2026-05-04 09:58:00,-1995878298612119886235,1994233534,-276332,-276332,-276332,-276332,0,1994233534,6112910022153624680288
2026-05-04 10:01:00,-2499890501923153339399,2497828555,-276332,-276332,-276332,-276332,0,2497828555,6112910022153624680288
2026-05-04 10:04:00,-895600000000000000000,894860799,-276332,-276332,-276332,-276332,0,894860799,6112910022153624680288
2026-05-04 10:06:00,-71074800000000000000000,71015128377,-276333,-276332,-276333,-276332,0,71015128377,1766695395150159476580
2026-05-04 10:08:00,7201668870530539590267,-7196113408,-276333,-276333,-276333,-276333,7201668870530539590267,0,1766695395150159476580
2026-05-04 10:11:00,-6383799851756667490676,6378304170,-276333,-276333,-276333,-276333,0,6378304170,1766695395150159476580
2026-05-04 10:32:00,71068883459205025759690,-71015640404,-276332,-276332,-276332,-276332,71068883459205025759690,0,6112910022153624680288
2026-05-04 10:41:00,-67927575411100510434689,67870651205,-276333,-276333,-276333,-276333,0,67870651205,1766695395150159476580
2026-05-04 10:52:00,8339824459092283336762,-8333433741,-276333,-276333,-276333,-276333,8339824459092283336762,0,1766695395150159476580
2026-05-04 11:23:00,68050629621152338362022,-68000000000,-276332,-276332,-276332,-276332,68050629621152338362022,0,6083432829285521651065
2026-05-04 11:28:00,-17655741022675930216351,17641170784,-276332,-276332,-276332,-276332,0,17641170784,6083432829285521651065
2026-05-04 11:34:00,42043848228310539914831,-42013101376,-276332,-276332,-276332,-276332,42043848228310539914831,0,6083432829285521651065
2026-05-04 11:41:00,-71074810000000000000000,71016102036,-276332,-276332,-276332,-276332,0,71016102036,6083432829285521651065
2026-05-04 11:43:00,-2830699244261964331239,2828326734,-276332,-276332,-276332,-276332,0,2828326734,6083432829285521651065
2026-05-04 11:44:00,-73870904817761794780,73325435,-276332,-276332,-276332,-276332,5376577119391176939683,5445882021,6083432829285521651065
2026-05-04 11:45:00,-32499235657374531188999,32471602754,-276333,-276333,-276333,-276333,0,32471602754,1737218202282056447357
2026-05-04 11:58:00,12509638923742304712707,-12500000000,-276333,-276333,-276333,-276333,12509638923742304712707,0,1737218202282056447357
2026-05-04 12:06:00,-33857885551872325536501,33828337082,-276333,-276333,-276333,-276333,0,33828337082,1737218202282056447357
2026-05-04 12:11:00,-37452140788109534828136,37417920282,-276333,-276333,-276333,-276333,0,37417920282,1737218202282056447357
2026-05-04 12:12:00,168135621996329718514204,-168006637315,-276332,-276332,-276332,-276332,168135621996329718514204,0,6083432829285521651065
2026-05-04 12:13:00,-11228500638649630602,11219367,-276332,-276332,-276332,-276332,0,11219367,6083432829285521651065
2026-05-04 12:14:00,-142425132527039508779,142309281,-276332,-276332,-276332,-276332,0,142309281,6083432829285521651065
2026-05-04 12:15:00,-2497214212595941099932,2495182481,-276332,-276332,-276332,-276332,0,2495182481,16069514290656254367894
2026-05-04 12:17:00,-5589443956177333387264,5584893582,-276332,-276332,-276332,-276332,0,5584893582,16069514290656254367894
2026-05-04 12:18:00,-222268547899236600592,222087518,-276332,-276332,-276332,-276332,0,222087518,16069514290656254367894
2026-05-04 12:19:00,-237542282220552513078,237348806,-276332,-276332,-276332,-276332,0,237348806,16069514290656254367894
2026-05-04 12:27:00,-62424588775880680159347,62373603780,-276332,-276332,-276332,-276332,0,62373603780,27838678227401510869134
2026-05-04 12:33:00,-1071031111262310992010,1070153911,-276332,-276332,-276332,-276332,0,1070153911,27838678227401510869134
2026-05-04 12:35:00,-6639435636256471054448,6633995946,-276332,-276332,-276332,-276332,0,6633995946,27838678227401510869134
2026-05-04 12:39:00,146835746603408384869086,-146729682356,-276332,-276332,-276332,-276332,150108746981215322464007,3270317644,27838678227401510869134
2026-05-04 12:44:00,-543126319972035619305,542686919,-276332,-276332,-276332,-276332,0,542686919,27838678227401510869134
2026-05-04 12:45:00,-11504431767459500731,11495124,-276332,-276332,-276332,-276332,0,11495124,27838678227401510869134
2026-05-04 12:48:00,49293216714646643587249,-49257956081,-276332,-276332,-276332,-276332,50397832763321222643441,1103722324,27838678227401510869134
2026-05-04 12:55:00,-1967692866960408418830,1966107742,-276332,-276332,-276332,-276332,0,1966107742,27838678227401510869134
2026-05-04 12:57:00,-164560704524387763630,164428125,-276332,-276332,-276332,-276332,0,164428125,27838678227401510869134
2026-05-04 12:58:00,-893070789511315111845,892351251,-276332,-276332,-276332,-276332,0,892351251,27838678227401510869134
2026-05-04 13:00:00,-332783038108439186488,332514903,-276332,-276332,-276332,-276332,0,332514903,27838678227401510869134
2026-05-04 13:04:00,-99999702001454011173876,99918768934,-276332,-276332,-276332,-276332,0,99918768934,27838678227401510869134
2026-05-04 13:14:00,-390940637562536730667,390622828,-276332,-276332,-276332,-276332,0,390622828,27838678227401510869134
2026-05-04 13:22:00,-1515164517137073920330,1513932683,-276332,-276332,-276332,-276332,0,1513932683,27838678227401510869134
2026-05-04 13:24:00,-313612229156150432985,313357240,-276332,-276332,-276332,-276332,0,313357240,27838678227401510869134
2026-05-04 13:27:00,-20163931388295625843259,20147521911,-276332,-276332,-276332,-276332,0,20147521911,27838678227401510869134
2026-05-04 13:31:00,112941549989168824721670,-112860170908,-276332,-276332,-276332,-276332,112941549989168824721670,0,27838678227401510869134
2026-05-04 13:41:00,-550000000000000000000000,549545584981,-276333,-276333,-276333,-276333,0,549545584981,21746693539130070650149
2026-05-04 13:42:00,173702963933028119297898,-173572704660,-276332,-276332,-276332,-276332,173702963933028119297898,0,27838678227401510869134
2026-05-04 13:43:00,185136417465521430842113,-185000000000,-276332,-276332,-276332,-276332,185136417465521430842113,0,27838678227401510869134
2026-05-04 13:55:00,-1000600014690181309977,999779348,-276332,-276332,-276332,-276332,0,999779348,27838678227401510869134
2026-05-04 13:57:00,-862770422016362105826038,862032918024,-276333,-276333,-276333,-276333,0,862032918024,21746693539130070650149
2026-05-04 13:58:00,78062438138705495323477,-78000000000,-276333,-276333,-276333,-276333,78062438138705495323477,0,21746693539130070650149
2026-05-04 13:59:00,345269450225598050285788,-345000000000,-276333,-276333,-276333,-276333,345269450225598050285788,0,21746693539130070650149
2026-05-04 14:00:00,1036847400059191767541374,-1036095907646,-276332,-276332,-276332,-276332,1036847400059191767541374,0,27838678227401510869134
2026-05-04 14:01:00,-6735685019521997813762,6730447488,-276332,-276332,-276332,-276332,0,6730447488,27838678227401510869134
2026-05-04 14:02:00,-10869600607210421200116,10861141761,-276332,-276332,-276332,-276332,0,10861141761,27838678227401510869134
2026-05-04 14:03:00,-8676646707981536302824,8669888359,-276332,-276332,-276332,-276332,0,8669888359,27838678227401510869134
2026-05-04 14:11:00,794353926739635926404187,-793839011875,-276331,-276331,-276331,-276331,842084697730799226522715,47698515399,9050008714085255042278
2026-05-04 14:13:00,-746354376771876463125,745846010,-276331,-276331,-276331,-276331,0,745846010,9050008714085255042278
2026-05-04 14:16:00,200622072182807004380702,-200508221472,-276330,-276330,-276330,-276330,203904704539191410359838,3280552446,5914017580804970297196
2026-05-04 14:18:00,-320239360000000000000000,320024104677,-276331,-276331,-276331,-276331,0,320024104677,9050008714085255042278
2026-05-04 14:19:00,54025540946609242635448,-53992492796,-276331,-276331,-276331,-276331,54025540946609242635448,0,9050008714085255042278
2026-05-04 14:21:00,-114079281920920000000000,113998481310,-276331,-276331,-276331,-276331,0,113998481310,9050008714085255042278
2026-05-04 14:29:00,-4946694473142346690,4943128,-276331,-276331,-276331,-276331,0,4943128,9050008714085255042278
2026-05-04 14:33:00,-603895187174295298105,603459812,-276331,-276331,-276331,-276331,0,603459812,9050008714085255042278
2026-05-04 14:34:00,-847902896853816968787,847291469,-276331,-276331,-276331,-276331,0,847291469,9050008714085255042278
2026-05-04 14:37:00,-198600000000000000000,198456765,-276331,-276331,-276331,-276331,0,198456765,9050008714085255042278
2026-05-04 14:39:00,-198600000000000000000,198456757,-276331,-276331,-276331,-276331,0,198456757,9050008714085255042278
2026-05-04 14:49:00,2707276021238828237748,-2705567607,-276331,-276331,-276331,-276331,2707276021238828237748,0,9050008714085255042278
2026-05-04 14:50:00,-151265375071818470320251,151154055782,-276332,-276332,-276332,-276332,0,151154055782,27838678227401510869134
2026-05-04 14:51:00,2938008841653482783926,-2936081761,-276332,-276332,-276332,-276332,2938008841653482783926,0,27838678227401510869134
2026-05-04 14:54:00,-964921935814124629528,964202314,-276332,-276332,-276332,-276332,0,964202314,27838678227401510869134
2026-05-04 14:55:00,410265813611552117945007,-410012304219,-276331,-276331,-276331,-276331,410265813611552117945007,0,9050008714085255042278
2026-05-04 15:00:00,-740262838167984434313,739771930,-276331,-276331,-276331,-276331,0,739771930,9050008714085255042278
2026-05-04 15:11:00,-2497641296688718982788,2495984085,-276331,-276331,-276331,-276331,0,2495984085,9050008714085255042278
2026-05-04 15:20:00,-82694019431365447464070,82638373446,-276331,-276331,-276331,-276331,0,82638373446,9050008714085255042278
2026-05-04 15:33:00,-929810870827140955136,929176605,-276331,-276331,-276331,-276331,0,929176605,9050008714085255042278
2026-05-04 15:51:00,3028807958277344745915,-3027105152,-276331,-276331,-276331,-276331,4031107958277344745915,1001616964,9050008714085255042278
2026-05-04 16:00:00,-557067349253024236229,556687629,-276331,-276331,-276331,-276331,0,556687629,9050008714085255042278
2026-05-04 16:02:00,-8566471097578097909286,8560623218,-276331,-276331,-276331,-276331,0,8560623218,9050008714085255042278
2026-05-04 16:03:00,-77816632943477079000000,77762769640,-276331,-276331,-276331,-276331,0,77762769640,9050008714085255042278
2026-05-04 16:13:00,-69177240000000000000000,69128234332,-276331,-276331,-276331,-276331,0,69128234332,9050008714085255042278
2026-05-04 16:18:00,-1735640589939376252134,1734397464,-276331,-276331,-276331,-276331,0,1734397464,9050008714085255042278
2026-05-04 16:20:00,-14763650034407547000000,14753048912,-276331,-276331,-276331,-276331,0,14753048912,9050008714085255042278
2026-05-04 16:24:00,-1184687948431392436476,1183835191,-276331,-276331,-276331,-276331,0,1183835191,9050008714085255042278
2026-05-04 16:26:00,-60535179600000000000000,60491193028,-276331,-276331,-276331,-276331,0,60491193028,9050008714085255042278
2026-05-04 16:27:00,-684255617090985081837,683753794,-276331,-276331,-276331,-276331,0,683753794,9050008714085255042278
2026-05-04 16:30:00,-3803621253289711233716,3800829848,-276331,-276331,-276331,-276331,0,3800829848,9050008714085255042278
2026-05-04 16:38:00,-144141030000000000000000,144033779854,-276332,-276332,-276332,-276332,0,144033779854,27838678227401510869134
2026-05-04 16:40:00,450292252579003650014865,-450011041960,-276331,-276331,-276331,-276331,450292252579003650014865,0,9050008714085255042278
2026-05-04 16:44:00,3456450476743597937449,-3454458237,-276331,-276331,-276331,-276331,3456450476743597937449,0,9050008714085255042278
2026-05-04 16:49:00,-1562754480676665905137,1561713498,-276331,-276331,-276331,-276331,0,1561713498,9050008714085255042278
2026-05-04 16:53:00,-1615687623616686265007,1614610814,-276331,-276331,-276331,-276331,0,1614610814,9050008714085255042278
2026-05-04 16:55:00,-238009600000000000000000,237844678081,-276331,-276331,-276331,-276331,0,237844678081,9050008714085255042278
2026-05-04 17:00:00,736835881575127229287,-736372287,-276331,-276331,-276331,-276331,736835881575127229287,0,9050008714085255042278
2026-05-04 17:05:00,-2013703013662552071264,2012254653,-276331,-276331,-276331,-276331,0,2012254653,9050008714085255042278
2026-05-04 17:06:00,-645011045997052165220,644546931,-276331,-276331,-276331,-276331,0,644546931,9050008714085255042278
2026-05-04 17:13:00,-115654779155003922757,115571550,-276331,-276331,-276331,-276331,0,115571550,9050008714085255042278
2026-05-04 17:21:00,-8261421458905671173678,8255468658,-276331,-276331,-276331,-276331,0,8255468658,9050008714085255042278
2026-05-04 17:33:00,-1258070650423916952474,1257162820,-276331,-276331,-276331,-276331,0,1257162820,9050008714085255042278
2026-05-04 17:39:00,-45551595394760834427,45518718,-276331,-276331,-276331,-276331,0,45518718,9050008714085255042278
2026-05-04 17:46:00,-66832500000000000000000,66783770402,-276331,-276331,-276331,-276331,0,66783770402,9050008714085255042278
2026-05-04 17:48:00,-616897388457405666391,616442997,-276331,-276331,-276331,-276331,0,616442997,9050008714085255042278
2026-05-04 17:49:00,-5080572684828690000000,5076827267,-276331,-276331,-276331,-276331,0,5076827267,9050008714085255042278
2026-05-04 17:52:00,-2612370837447068568327,2610442768,-276331,-276331,-276331,-276331,0,2610442768,9050008714085255042278
2026-05-04 17:55:00,-2099361535409691216345,2097811003,-276331,-276331,-276331,-276331,0,2097811003,9050008714085255042278
2026-05-04 17:59:00,-2223111887438224860298,2221468896,-276331,-276331,-276331,-276331,0,2221468896,9050008714085255042278
2026-05-04 18:00:00,-1389031766515738437798,1388004648,-276331,-276331,-276331,-276331,0,1388004648,9050008714085255042278
2026-05-04 18:04:00,848959814098676449202,-848408357,-276331,-276331,-276331,-276331,848959814098676449202,0,9050008714085255042278
2026-05-04 18:08:00,2536242364719226780450,-2534595849,-276331,-276331,-276331,-276331,2536242364719226780450,0,9050008714085255042278
2026-05-04 18:17:00,-622217535572788212851,621757764,-276331,-276331,-276331,-276331,0,621757764,9050008714085255042278
2026-05-04 18:26:00,460275328710511845186150,-460000000000,-276330,-276330,-276330,-276330,460275328710511845186150,0,5914017580804970297196
2026-05-04 18:30:00,-203511296967234725447,203382088,-276330,-276330,-276330,-276330,0,203382088,5914017580804970297196
2026-05-04 18:34:00,-460414750771828455258743,460097899815,-276331,-276331,-276331,-276331,0,460097899815,9050008714085255042278
2026-05-04 18:40:00,-4514538255000000000000,4511199476,-276331,-276331,-276331,-276331,0,4511199476,9050008714085255042278
2026-05-04 18:48:00,-870615511672133000000,869971120,-276331,-276331,-276331,-276331,0,869971120,9050008714085255042278
2026-05-04 18:53:00,470294036863509313116672,-470012654044,-276330,-276330,-276330,-276330,470294036863509313116672,0,5914017580804970297196
2026-05-04 18:54:00,-459649018335653404933,459357839,-276330,-276330,-276330,-276330,0,459357839,5914017580804970297196
2026-05-04 19:01:00,-169761673071240137227,169654114,-276330,-276330,-276330,-276330,0,169654114,5914017580804970297196
2026-05-04 19:04:00,-71250000000000000000000,71204121549,-276331,-276331,-276331,-276331,0,71204121549,9050008714085255042278
2026-05-04 19:17:00,-100000000000000000000,99934769,-276331,-276331,-276331,-276331,0,99934769,9050008714085255042278
2026-05-04 19:18:00,-28479592931486987376577,28460925709,-276331,-276331,-276331,-276331,0,28460925709,9050008714085255042278
2026-05-04 19:19:00,-131127570960000000000,131041208,-276331,-276331,-276331,-276331,0,131041208,9050008714085255042278
2026-05-04 19:20:00,28701823331138268482503,-28685591969,-276331,-276331,-276331,-276331,28701823331138268482503,0,9050008714085255042278
2026-05-04 19:26:00,-76000000000000000000000,75949787960,-276331,-276331,-276331,-276331,0,75949787960,9050008714085255042278
2026-05-04 19:30:00,-418292335418347471241,418012447,-276331,-276331,-276331,-276331,0,418012447,9050008714085255042278
2026-05-04 19:41:00,-246942336781752604172,246777084,-276331,-276331,-276331,-276331,0,246777084,9050008714085255042278
2026-05-04 19:44:00,78092110242429935384,-78046875,-276331,-276331,-276331,-276331,78092110242429935384,0,9050008714085255042278
2026-05-04 19:48:00,-3322672882664294213518,3320448118,-276331,-276331,-276331,-276331,0,3320448118,9050008714085255042278
2026-05-04 19:56:00,-618731216416517339746,618316663,-276331,-276331,-276331,-276331,0,618316663,9050008714085255042278
2026-05-04 19:57:00,-32859221194324044326916,32837083909,-276331,-276331,-276331,-276331,0,32837083909,9050008714085255042278
2026-05-04 20:15:00,-20019538071000000000000,20005934039,-276331,-276331,-276331,-276331,0,20005934039,9050008714085255042278
2026-05-04 20:21:00,-182998783352781801,182874,-276331,-276331,-276331,-276331,0,182874,9050008714085255042278
2026-05-04 20:22:00,-916312258931520576450,915687472,-276331,-276331,-276331,-276331,0,915687472,9050008714085255042278
2026-05-04 20:28:00,-844512630138584310124,843936636,-276331,-276331,-276331,-276331,0,843936636,9050008714085255042278
2026-05-04 20:29:00,-835458023833142885734,834888050,-276331,-276331,-276331,-276331,0,834888050,9050008714085255042278
2026-05-04 20:35:00,-1376982784248683985295,1376043031,-276331,-276331,-276331,-276331,0,1376043031,9050008714085255042278
2026-05-04 20:39:00,400216766373534133751715,-400000000000,-276330,-276330,-276330,-276330,400216766373534133751715,0,5914017580804970297196
2026-05-04 20:40:00,233361752420474949545,-233249999,-276330,-276330,-276330,-276330,233361752420474949545,0,5914017580804970297196
2026-05-04 20:42:00,-5000000000000000000000,4997151758,-276330,-276330,-276330,-276330,0,4997151758,5914017580804970297196
2026-05-04 20:43:00,-59980000000000000000000,59945174053,-276330,-276330,-276330,-276330,0,59945174053,5914017580804970297196
2026-05-04 20:44:00,-224618374202000000000000,224477464306,-276331,-276331,-276331,-276331,0,224477464306,9050008714085255042278
2026-05-04 20:45:00,-559261840959988908747,558893729,-276331,-276331,-276331,-276331,0,558893729,9050008714085255042278
2026-05-04 20:51:00,793352581159536889642,-792901769,-276331,-276331,-276331,-276331,793352581159536889642,0,9050008714085255042278
2026-05-04 21:13:00,51544446787478802352562,-51515455139,-276331,-276331,-276331,-276331,51544446787478802352562,0,9050008714085255042278
2026-05-04 21:21:00,-338446568489150789668,338227676,-276331,-276331,-276331,-276331,0,338227676,9050008714085255042278
2026-05-04 21:24:00,-312247987745967019252,312046017,-276331,-276331,-276331,-276331,0,312046017,9050008714085255042278
2026-05-04 21:30:00,190100214423570801354543,-190000000000,-276330,-276330,-276330,-276330,190100214423570801354543,0,5914017580804970297196
2026-05-04 21:40:00,-1786600468664231374711,1785554512,-276330,-276330,-276330,-276330,0,1785554512,5914017580804970297196
2026-05-04 21:42:00,-666187782288641850031,665797489,-276330,-276330,-276330,-276330,0,665797489,5914017580804970297196
2026-05-04 21:50:00,-3218790811815549938390,3216902940,-276330,-276330,-276330,-276330,0,3216902940,5914017580804970297196
2026-05-04 21:57:00,-458133458445037779793,457864470,-276330,-276330,-276330,-276330,0,457864470,5914017580804970297196
2026-05-04 21:58:00,-211239870714233462142,211115820,-276330,-276330,-276330,-276330,0,211115820,5914017580804970297196
2026-05-04 22:00:00,-900000000000000000000000,899372525344,-276332,-276332,-276332,-276332,0,899372525344,27838678227401510869134
2026-05-04 22:24:00,560361000965498065299592,-560001037484,-276331,-276331,-276331,-276331,560361000965498065299592,0,9050008714085255042278
2026-05-04 22:30:00,-127200184111443482507,127113525,-276331,-276331,-276331,-276331,0,127113525,9050008714085255042278
2026-05-04 22:31:00,-1250145000000000000000000,1249191590118,-276332,-276332,-276332,-276332,0,1249191590118,27838678227401510869134
2026-05-04 22:34:00,102627805641875429047712,-102554078834,-276332,-276332,-276332,-276332,102627805641875429047712,0,27838678227401510869134
2026-05-04 22:46:00,740509571362222470129193,-740000000000,-276332,-276332,-276332,-276332,740509571362222470129193,0,27838678227401510869134
2026-05-04 23:00:00,558149346167609840885104,-557805161652,-276331,-276331,-276331,-276331,561946643272658934330463,3794838379,9050008714085255042278
2026-05-04 23:01:00,-29503165008714396754192,29483953444,-276331,-276331,-276331,-276331,0,29483953444,9050008714085255042278
2026-05-04 23:02:00,-127878213466031541613,127794523,-276331,-276331,-276331,-276331,0,127794523,9050008714085255042278
2026-05-04 23:04:00,-176250000000000000000000,176131223401,-276331,-276331,-276331,-276331,0,176131223401,9050008714085255042278
2026-05-04 23:06:00,-146300000000000000000000,146196198265,-276331,-276331,-276331,-276331,0,146196198265,9050008714085255042278
2026-05-04 23:07:00,-15511288134980121893655,15500005643,-276331,-276331,-276331,-276331,0,15500005643,9050008714085255042278
2026-05-04 23:08:00,800514592936905200796,-800003020,-276331,-276331,-276331,-276331,800514592936905200796,0,9050008714085255042278
2026-05-04 23:10:00,-194316200000000000000000,194171747327,-276332,-276332,-276332,-276332,0,194171747327,27838678227401510869134
2026-05-04 23:17:00,-144165529900000000000000,144056412092,-276332,-276332,-276332,-276332,0,144056412092,27838678227401510869134
2026-05-04 23:26:00,-249529818425698208275,249339658,-276332,-276332,-276332,-276332,0,249339658,27838678227401510869134
2026-05-04 23:34:00,542084158666582610925970,-541735493038,-276331,-276332,-276332,-276331,542084158666582610925970,0,9050008714085255042278
2026-05-04 23:40:00,-309311242150317282038,309099659,-276331,-276331,-276331,-276331,0,309099659,9050008714085255042278
2026-05-04 23:41:00,-196079973343870843376,195945834,-276331,-276331,-276331,-276331,0,195945834,9050008714085255042278
2026-05-04 23:44:00,-2504764166845376395850,2503049906,-276331,-276331,-276331,-276331,0,2503049906,9050008714085255042278
2026-05-04 23:46:00,-416921363466551524123,416635888,-276331,-276331,-276331,-276331,0,416635888,9050008714085255042278
2026-05-04 23:51:00,-199821194577848821321,199684358,-276331,-276331,-276331,-276331,0,199684358,9050008714085255042278
